[
    [
        -0.00517183404846121,
        -0.8,
        0.8,
        -0.012423552871395904,
        -1.2413189123904684,
        1.2413189123904684,
        -0.005118578655925922,
        -0.8,
        0.8,
        0.009988699353294266,
        0.2310399471073209,
        -0.2310399471073209,
        0.004903819005014802,
        0.8,
        -0.8,
        0.012089425866376399,
        0.16995306640478192,
        -0.16995306640478192
    ],
    [
        -0.03853458763413326,
        -0.8,
        0.8,
        0.030794553344469837,
        -1.3779508625284156,
        1.3779508625284156,
        -0.04001364017241778,
        -0.8,
        0.8,
        -0.031135846361831664,
        0.23024188958998248,
        -0.23024188958998248,
        0.044076519121852446,
        0.8,
        -0.8,
        -0.021509056462178152,
        0.2724928776596185,
        -0.2724928776596185
    ],
    [
        -0.08519439856700353,
        -0.8,
        0.8,
        0.06456060976485237,
        -1.3491902308670298,
        1.3491902308670298,
        -0.07761388033891278,
        -0.8,
        0.8,
        -0.06345880325207758,
        0.2838224528584671,
        -0.2838224528584671,
        0.08763919704762259,
        0.8,
        -0.8,
        -0.058220845779999295,
        0.22265245450108784,
        -0.22265245450108784
    ],
    [
        -0.10970191215724936,
        -0.8,
        0.8,
        0.1195855358011429,
        -1.2618428463464681,
        1.2618428463464681,
        -0.12814110414872568,
        -0.8,
        0.8,
        -0.10141463025090944,
        0.337831838365526,
        -0.337831838365526,
        0.09959001802126635,
        0.8,
        -0.8,
        -0.1199360514965679,
        0.3204177498037026,
        -0.3204177498037026
    ],
    [
        -0.17116009313092573,
        -0.8,
        0.8,
        0.1574381717534393,
        -1.1935800554922478,
        1.1935800554922478,
        -0.15157532916267363,
        -0.8,
        0.8,
        -0.1392916292528571,
        0.4208015914090835,
        -0.4208015914090835,
        0.1472179045550248,
        0.8,
        -0.8,
        -0.15124873064166344,
        0.4462122606920886,
        -0.4462122606920886
    ],
    [
        -0.22493587143177252,
        -0.8,
        0.8,
        0.18032876634146186,
        -1.3240151456430387,
        1.3240151456430387,
        -0.21961225613751795,
        -0.8,
        0.8,
        -0.19166961047632888,
        0.29596847168989837,
        -0.29596847168989837,
        0.18759323327000146,
        0.8,
        -0.8,
        -0.19356383502209087,
        0.4076734226833943,
        -0.4076734226833943
    ],
    [
        -0.24265026952188798,
        -0.8,
        0.8,
        0.19714745159392666,
        -1.0872305407691627,
        1.0872305407691627,
        -0.226767317184745,
        -0.8,
        0.8,
        -0.22195191007934245,
        0.2703172497327898,
        -0.2703172497327898,
        0.21576799430701143,
        0.8,
        -0.8,
        -0.19679636888875032,
        0.28256087842931843,
        -0.28256087842931843
    ],
    [
        -0.26294826896798806,
        -0.8,
        0.8,
        0.2501234968208268,
        -1.0541612783496817,
        1.0541612783496817,
        -0.26854131458264496,
        -0.8,
        0.8,
        -0.23587940315934688,
        0.43996361169978926,
        -0.43996361169978926,
        0.2699490752680083,
        0.8,
        -0.8,
        -0.24389438209148162,
        0.4359183599697477,
        -0.4359183599697477
    ],
    [
        -0.34950117959998084,
        -0.8,
        0.8,
        0.3142556835982439,
        -1.1381348430549239,
        1.1381348430549239,
        -0.29222217077802876,
        -0.8,
        0.8,
        -0.3131297821340683,
        0.4531505967219695,
        -0.4531505967219695,
        0.3394963925962091,
        0.8,
        -0.8,
        -0.2716266465230539,
        0.36235961473512507,
        -0.36235961473512507
    ],
    [
        -0.36231625843633164,
        -0.8,
        0.8,
        0.3067802437675231,
        -1.1959992136938504,
        1.1959992136938504,
        -0.3224285704566263,
        -0.8,
        0.8,
        -0.3586088658641254,
        0.35577757325068515,
        -0.35577757325068515,
        0.34944335524127945,
        0.8,
        -0.8,
        -0.36787233414803566,
        0.3474432284250833,
        -0.3474432284250833
    ],
    [
        -0.32099992736879734,
        -0.8,
        0.8,
        0.37317552175264196,
        -1.0916317016554145,
        1.0916317016554145,
        -0.3951530549620737,
        -0.8,
        0.8,
        -0.34490390850311,
        0.4527327710968376,
        -0.4527327710968376,
        0.39609867601339876,
        0.8,
        -0.8,
        -0.3831243580280592,
        0.4567343221119126,
        -0.4567343221119126
    ],
    [
        -0.39457706843607276,
        -0.8,
        0.8,
        0.40557196799391637,
        -1.113228733123516,
        1.113228733123516,
        -0.4383991124190895,
        -0.8,
        0.8,
        -0.43599987364807624,
        0.5227612298782514,
        -0.5227612298782514,
        0.381127492160888,
        0.8,
        -0.8,
        -0.39829489444488425,
        0.4203311862925628,
        -0.4203311862925628
    ],
    [
        -0.4242959875300357,
        -0.8,
        0.8,
        0.40517237768575504,
        -1.158369381027467,
        1.158369381027467,
        -0.44515986921808864,
        -0.8,
        0.8,
        -0.3697244708042282,
        0.45360735880645076,
        -0.45360735880645076,
        0.42967166267700424,
        0.8,
        -0.8,
        -0.4087271425226241,
        0.47145314778994957,
        -0.47145314778994957
    ],
    [
        -0.47082602886455754,
        -0.8,
        0.8,
        0.5130244071850458,
        -1.1590062081664894,
        1.1590062081664894,
        -0.408006715803777,
        -0.8,
        0.8,
        -0.4535180625845693,
        0.49408732155258167,
        -0.49408732155258167,
        0.47491629736948915,
        0.8,
        -0.8,
        -0.4317751030934231,
        0.5274463316379591,
        -0.5274463316379591
    ],
    [
        -0.4795341108624845,
        -0.8,
        0.8,
        0.4617396368728292,
        -1.0737344790225263,
        1.0737344790225263,
        -0.46292602513993436,
        -0.8,
        0.8,
        -0.4623300698723344,
        0.5514879565485866,
        -0.5514879565485866,
        0.48304323341929806,
        0.8,
        -0.8,
        -0.455818946543173,
        0.5550661035554075,
        -0.5550661035554075
    ],
    [
        -0.5240732614841714,
        -0.8,
        0.8,
        0.45693470740070685,
        -1.0096234530571275,
        1.0096234530571275,
        -0.44066693492158965,
        -0.8,
        0.8,
        -0.492314272563803,
        0.5873544529495427,
        -0.5873544529495427,
        0.522047715615017,
        0.8,
        -0.8,
        -0.44801057904219,
        0.5929067135060463,
        -0.5929067135060463
    ],
    [
        -0.5014474447346772,
        -0.8,
        0.8,
        0.44129314023076033,
        -0.9497715125644189,
        0.9497715125644189,
        -0.524432721056025,
        -0.8,
        0.8,
        -0.4318845197211628,
        0.604177214184282,
        -0.604177214184282,
        0.47084581057383407,
        0.8,
        -0.8,
        -0.4898095321129379,
        0.5202496873059774,
        -0.5202496873059774
    ],
    [
        -0.512043598025556,
        -0.8,
        0.8,
        0.5585670212989667,
        -1.000826577914282,
        1.000826577914282,
        -0.5239485386716101,
        -0.8,
        0.8,
        -0.5142884368648505,
        0.5729550277261802,
        -0.5729550277261802,
        0.5491855728655004,
        0.8,
        -0.8,
        -0.5253008868664716,
        0.5895745545774476,
        -0.5895745545774476
    ],
    [
        -0.5074912383902158,
        -0.8,
        0.8,
        0.45884425757041103,
        -0.9736944692898822,
        0.9736944692898822,
        -0.6105050877995016,
        -0.8,
        0.8,
        -0.5698320350967317,
        0.6946088835404618,
        -0.6946088835404618,
        0.5681040005079353,
        0.8,
        -0.8,
        -0.5014905321047042,
        0.6473569184527834,
        -0.6473569184527834
    ],
    [
        -0.4990341735028462,
        -0.8,
        0.8,
        0.5476936028936827,
        -0.9610054001004462,
        0.9610054001004462,
        -0.4916834050702982,
        -0.8,
        0.8,
        -0.5060237408246046,
        0.6842529665043201,
        -0.6842529665043201,
        0.5603551939393779,
        0.8,
        -0.8,
        -0.606812387403196,
        0.6612870070366655,
        -0.6612870070366655
    ],
    [
        -0.5323873472388653,
        -0.8,
        0.8,
        0.58637471893499,
        -0.9191024067766415,
        0.9191024067766415,
        -0.6007221982235956,
        -0.8,
        0.8,
        -0.603453076282408,
        0.7070892743705113,
        -0.7070892743705113,
        0.5589515805636329,
        0.8,
        -0.8,
        -0.4892847073648164,
        0.6746796789950926,
        -0.6746796789950926
    ],
    [
        -0.6103058508016329,
        -0.8,
        0.8,
        0.4711622799479977,
        -0.8719241408018772,
        0.8719241408018772,
        -0.6143607108378089,
        -0.8,
        0.8,
        -0.5223068941045204,
        0.7093192109369966,
        -0.7093192109369966,
        0.6203563454784472,
        0.8,
        -0.8,
        -0.5999958566273178,
        0.7375431335728032,
        -0.7375431335728032
    ],
    [
        -0.6239904346755908,
        -0.8,
        0.8,
        0.6294985809223546,
        -0.8485763179515073,
        0.8485763179515073,
        -0.5573348314468265,
        -0.8,
        0.8,
        -0.5136052565272466,
        0.7450832173086586,
        -0.7450832173086586,
        0.591497301770981,
        0.8,
        -0.8,
        -0.6085965195428549,
        0.7562282547386934,
        -0.7562282547386934
    ],
    [
        -0.5776216666905941,
        -0.8226430170836954,
        0.8226430170836954,
        0.5433198409594029,
        -0.8140463810123688,
        0.8140463810123688,
        -0.5505999085198358,
        -0.8182345515345644,
        0.8182345515345644,
        -0.6115099957804027,
        0.7887306108110661,
        -0.7887306108110661,
        0.5198933931703356,
        0.7789005695284286,
        -0.7789005695284286,
        -0.5916889984309802,
        0.7895072952127454,
        -0.7895072952127454
    ],
    [
        -0.5310262815582195,
        -0.8435664194406176,
        0.8435664194406176,
        0.5870233249649887,
        -0.8,
        0.8,
        -0.5080994165198179,
        -0.8368137718650529,
        0.8368137718650529,
        -0.5683282127856605,
        0.8,
        -0.8,
        0.6253970398832229,
        0.7594872370048533,
        -0.7594872370048533,
        -0.5472546086347836,
        0.8,
        -0.8
    ],
    [
        -0.5593277497412232,
        -0.876191473034069,
        0.876191473034069,
        0.5769035077418736,
        -0.8,
        0.8,
        -0.5472456531643759,
        -0.8870088344888798,
        0.8870088344888798,
        -0.6339040000995699,
        0.8,
        -0.8,
        0.4665017498768503,
        0.6959458508322184,
        -0.6959458508322184,
        -0.5788969319616339,
        0.8,
        -0.8
    ],
    [
        -0.5760312364020391,
        -0.9313375608345317,
        0.9313375608345317,
        0.5244012673686699,
        -0.8,
        0.8,
        -0.5657798977522911,
        -0.9436570551423602,
        0.9436570551423602,
        -0.457979967812476,
        0.8,
        -0.8,
        0.5777811846624307,
        0.6705614509901734,
        -0.6705614509901734,
        -0.598593919033256,
        0.8,
        -0.8
    ],
    [
        -0.5075808705068421,
        -0.9603143247807042,
        0.9603143247807042,
        0.6033200537876926,
        -0.8,
        0.8,
        -0.544672147095744,
        -0.9424387499076129,
        0.9424387499076129,
        -0.5906469398261243,
        0.8,
        -0.8,
        0.5959110784834629,
        0.6557101051877391,
        -0.6557101051877391,
        -0.5449331860386328,
        0.8,
        -0.8
    ],
    [
        -0.5389550008328122,
        -0.9881540908188776,
        0.9881540908188776,
        0.6617260316698613,
        -0.8,
        0.8,
        -0.5057254924419775,
        -0.9732956626728331,
        0.9732956626728331,
        -0.5175043706801414,
        0.8,
        -0.8,
        0.5509930860407801,
        0.6050156928866203,
        -0.6050156928866203,
        -0.5665584262432508,
        0.8,
        -0.8
    ],
    [
        -0.5645800441278023,
        -0.9773345900693862,
        0.9773345900693862,
        0.5074165159475986,
        -0.8,
        0.8,
        -0.47167926905725693,
        -1.032452116262513,
        1.032452116262513,
        -0.5508966530152596,
        0.8,
        -0.8,
        0.5281014683634185,
        0.6256860249340184,
        -0.6256860249340184,
        -0.5574888689367008,
        0.8,
        -0.8
    ],
    [
        -0.4661965523860023,
        -1.0375544895635682,
        1.0375544895635682,
        0.5031381521938376,
        -0.8,
        0.8,
        -0.4871009315918151,
        -1.0135081509493216,
        1.0135081509493216,
        -0.530036355778337,
        0.8,
        -0.8,
        0.48649046408890134,
        0.5759750394966316,
        -0.5759750394966316,
        -0.4679275773839804,
        0.8,
        -0.8
    ],
    [
        -0.47326372237216846,
        -1.1033176612766014,
        1.1033176612766014,
        0.5839023920949625,
        -0.8,
        0.8,
        -0.5247497619212805,
        -1.0760135773469304,
        1.0760135773469304,
        -0.505697836509229,
        0.8,
        -0.8,
        0.46422535189844955,
        0.539547462281657,
        -0.539547462281657,
        -0.41479633881583095,
        0.8,
        -0.8
    ],
    [
        -0.48214118698719166,
        -1.0997956441690877,
        1.0997956441690877,
        0.482287787280593,
        -0.8,
        0.8,
        -0.4593461747407026,
        -1.0914209628394456,
        1.0914209628394456,
        -0.5050929724222817,
        0.8,
        -0.8,
        0.5329737813488283,
        0.4984242384596675,
        -0.4984242384596675,
        -0.5187605133899358,
        0.8,
        -0.8
    ],
    [
        -0.4771585599421657,
        -1.155015749656261,
        1.155015749656261,
        0.47102354563178817,
        -0.8,
        0.8,
        -0.45964428179823075,
        -1.0355127040962957,
        1.0355127040962957,
        -0.4969417929087297,
        0.8,
        -0.8,
        0.4507498983829818,
        0.387066625316688,
        -0.387066625316688,
        -0.471322428066095,
        0.8,
        -0.8
    ],
    [
        -0.4332812297427903,
        -1.1028284588963435,
        1.1028284588963435,
        0.31829656915538995,
        -0.8,
        0.8,
        -0.40494480563332896,
        -1.2001327566836049,
        1.2001327566836049,
        -0.40551264666812414,
        0.8,
        -0.8,
        0.4400172232889854,
        0.46037823433944536,
        -0.46037823433944536,
        -0.43674656068219375,
        0.8,
        -0.8
    ],
    [
        -0.47482774284079066,
        -1.1136789741930302,
        1.1136789741930302,
        0.42503923872986527,
        -0.8,
        0.8,
        -0.38389759583145083,
        -1.249720504292027,
        1.249720504292027,
        -0.3802135816620727,
        0.8,
        -0.8,
        0.41591930128679866,
        0.4900037156653342,
        -0.4900037156653342,
        -0.38544650412953535,
        0.8,
        -0.8
    ],
    [
        -0.3792089184986797,
        -1.201893550842914,
        1.201893550842914,
        0.3663056125342194,
        -0.8,
        0.8,
        -0.3300005642702122,
        -1.242516509142544,
        1.242516509142544,
        -0.39902324707720066,
        0.8,
        -0.8,
        0.37997535829224255,
        0.3456705896603304,
        -0.3456705896603304,
        -0.4069259048949692,
        0.8,
        -0.8
    ],
    [
        -0.3496042570029375,
        -1.231548080618116,
        1.231548080618116,
        0.32886326487031914,
        -0.8,
        0.8,
        -0.32793075860600274,
        -1.1871561534234751,
        1.1871561534234751,
        -0.3354928379946151,
        0.8,
        -0.8,
        0.34261686196864605,
        0.28378763851350475,
        -0.28378763851350475,
        -0.3184123938035644,
        0.8,
        -0.8
    ],
    [
        -0.2974616583950959,
        -1.2678537197858908,
        1.2678537197858908,
        0.33998643798084976,
        -0.8,
        0.8,
        -0.3061441866231854,
        -1.2642471008232028,
        1.2642471008232028,
        -0.3473189607260888,
        0.8,
        -0.8,
        0.2716944819913709,
        0.4626123294654159,
        -0.4626123294654159,
        -0.3084086422648075,
        0.8,
        -0.8
    ],
    [
        -0.2906485148932989,
        -1.3736085362960218,
        1.3736085362960218,
        0.3068956905858545,
        -0.8,
        0.8,
        -0.28736879275894833,
        -1.2203323165759827,
        1.2203323165759827,
        -0.3148109729447805,
        0.8,
        -0.8,
        0.31552229278657246,
        0.44541747088181155,
        -0.44541747088181155,
        -0.312891108622056,
        0.8,
        -0.8
    ],
    [
        -0.24274343429015866,
        -1.3511690901326494,
        1.3511690901326494,
        0.28186364483555953,
        -0.8,
        0.8,
        -0.2525415694386696,
        -1.267993374681147,
        1.267993374681147,
        -0.286074925654053,
        0.8,
        -0.8,
        0.26736342357599235,
        0.3603090600536118,
        -0.3603090600536118,
        -0.22621464621659504,
        0.8,
        -0.8
    ],
    [
        -0.20414271891389027,
        -1.1510127810561783,
        1.1510127810561783,
        0.24190414205844665,
        -0.8,
        0.8,
        -0.2001288353028256,
        -1.3466000948067616,
        1.3466000948067616,
        -0.23254641532384224,
        0.8,
        -0.8,
        0.23014433530404843,
        0.26917742516230503,
        -0.26917742516230503,
        -0.21389507351499135,
        0.8,
        -0.8
    ],
    [
        -0.16457822729136293,
        -1.2848876447667406,
        1.2848876447667406,
        0.19393319184786298,
        -0.8,
        0.8,
        -0.1994913816369662,
        -1.2492666578029927,
        1.2492666578029927,
        -0.20352424182197987,
        0.8,
        -0.8,
        0.17511094168598648,
        0.33793420649571093,
        -0.33793420649571093,
        -0.19809872665647987,
        0.8,
        -0.8
    ],
    [
        -0.1382663729903908,
        -1.2596732465357574,
        1.2596732465357574,
        0.15834019498466925,
        -0.8,
        0.8,
        -0.11061942545844994,
        -1.4237177987579879,
        1.4237177987579879,
        -0.15359410827534634,
        0.8,
        -0.8,
        0.14535317470974185,
        0.3645304424353752,
        -0.3645304424353752,
        -0.13682844123190735,
        0.8,
        -0.8
    ],
    [
        -0.09097308169795011,
        -1.1478150651725472,
        1.1478150651725472,
        0.09711523030154952,
        -0.8,
        0.8,
        -0.0926261926266834,
        -1.2233482424928228,
        1.2233482424928228,
        -0.1047966339130393,
        0.8,
        -0.8,
        0.10301401933264788,
        0.21368609581655973,
        -0.21368609581655973,
        -0.11533344614196729,
        0.8,
        -0.8
    ],
    [
        -0.06101012445848622,
        -1.1805858189280474,
        1.1805858189280474,
        0.06640641511113236,
        -0.8,
        0.8,
        -0.0552118520707947,
        -1.186773875761349,
        1.186773875761349,
        -0.06906264688088973,
        0.8,
        -0.8,
        0.042243787206672295,
        0.15527937088918575,
        -0.15527937088918575,
        -0.07207264659468784,
        0.8,
        -0.8
    ],
    [
        -0.013778490061244703,
        -1.3120473446024377,
        1.3120473446024377,
        0.03275231809919553,
        -0.8,
        0.8,
        -0.015219496533584233,
        -1.417359503915351,
        1.417359503915351,
        -0.026610120261496287,
        0.8,
        -0.8,
        0.016134199437238244,
        0.33242273338030853,
        -0.33242273338030853,
        -0.028876065443119454,
        0.8,
        -0.8
    ],
    [
        0.027272777517106366,
        -1.3232219727008436,
        1.3232219727008436,
        -0.011593388985918288,
        -0.8,
        0.8,
        0.02462095780394253,
        -1.3528717424655303,
        1.3528717424655303,
        0.011497817569691786,
        0.8,
        -0.8,
        -0.02683029187364432,
        0.21559125414250235,
        -0.21559125414250235,
        0.010516789779612744,
        0.8,
        -0.8
    ],
    [
        0.06752576341595082,
        -1.21453727242021,
        1.21453727242021,
        -0.04714845187615948,
        -0.8,
        0.8,
        0.07023922470715242,
        -1.3413155232233676,
        1.3413155232233676,
        0.05414054808995272,
        0.8,
        -0.8,
        -0.06866960647621755,
        0.27312610947943106,
        -0.27312610947943106,
        0.05570100160286662,
        0.8,
        -0.8
    ],
    [
        0.09861462782324387,
        -1.2981530695184553,
        1.2981530695184553,
        -0.08428459551263331,
        -0.8,
        0.8,
        0.09942679624786485,
        -1.2169935507184357,
        1.2169935507184357,
        0.08772127059778298,
        0.8,
        -0.8,
        -0.10171731713195424,
        0.3475106375820719,
        -0.3475106375820719,
        0.09875216202562795,
        0.8,
        -0.8
    ],
    [
        0.07886278570732659,
        -0.3338108743925533,
        0.3338108743925533,
        -0.07493472307360034,
        -0.8,
        0.8,
        0.09429585561581484,
        -0.3984744753830173,
        0.3984744753830173,
        0.09258234285143567,
        0.8,
        -0.8,
        -0.08038476587236663,
        0.37860452574463993,
        -0.37860452574463993,
        0.08874522112054238,
        0.8,
        -0.8
    ],
    [
        0.11038181012658588,
        -0.31787749176304003,
        0.31787749176304003,
        -0.1105076636493374,
        -0.8,
        0.8,
        0.110074765596663,
        -0.3433586105136165,
        0.3433586105136165,
        0.10536976282349218,
        0.8,
        -0.8,
        -0.10926313636918715,
        0.3252598054958448,
        -0.3252598054958448,
        0.07558917972581451,
        0.8,
        -0.8
    ],
    [
        0.13328140377742168,
        -0.2941196722016868,
        0.2941196722016868,
        -0.1200193476848238,
        -0.8,
        0.8,
        0.125200814381708,
        -0.25996060211244987,
        0.25996060211244987,
        0.10207658732220577,
        0.8,
        -0.8,
        -0.12814154778188117,
        0.3648955049207243,
        -0.3648955049207243,
        0.12144229294120455,
        0.8,
        -0.8
    ],
    [
        0.13748946636063247,
        -0.4369389390736102,
        0.4369389390736102,
        -0.15644523963440554,
        -0.8,
        0.8,
        0.13858639753004495,
        -0.34689378767491147,
        0.34689378767491147,
        0.13091074836051506,
        0.8,
        -0.8,
        -0.16904289418438012,
        0.34535813088414397,
        -0.34535813088414397,
        0.1581744934701403,
        0.8,
        -0.8
    ],
    [
        0.15848815444006295,
        -0.5095489186364914,
        0.5095489186364914,
        -0.15372234760950954,
        -0.8,
        0.8,
        0.1762321626371565,
        -0.3020613723974327,
        0.3020613723974327,
        0.1676449876629586,
        0.8,
        -0.8,
        -0.18781827669564566,
        0.4087506829260549,
        -0.4087506829260549,
        0.15665883532724387,
        0.8,
        -0.8
    ],
    [
        0.17839856963484407,
        -0.2409775582904119,
        0.2409775582904119,
        -0.2072411256524257,
        -0.8,
        0.8,
        0.20906769038692996,
        -0.33986341104279055,
        0.33986341104279055,
        0.25979371793886946,
        0.8,
        -0.8,
        -0.1832582928121634,
        0.35778616868872765,
        -0.35778616868872765,
        0.19631466659807198,
        0.8,
        -0.8
    ],
    [
        0.1943314360382748,
        -0.4859036752797596,
        0.4859036752797596,
        -0.17498528468000057,
        -0.8,
        0.8,
        0.18372050335561987,
        -0.443846847758462,
        0.443846847758462,
        0.24717220198471582,
        0.8,
        -0.8,
        -0.20816668718299255,
        0.44985076084320275,
        -0.44985076084320275,
        0.23741111926095626,
        0.8,
        -0.8
    ],
    [
        0.2502943446880903,
        -0.44482598857031025,
        0.44482598857031025,
        -0.22802981231505395,
        -0.8,
        0.8,
        0.24835024290129312,
        -0.4119521954951934,
        0.4119521954951934,
        0.2873893771373726,
        0.8,
        -0.8,
        -0.26271237051297563,
        0.379917224880032,
        -0.379917224880032,
        0.2278345127216705,
        0.8,
        -0.8
    ],
    [
        0.25748342962340276,
        -0.4515021537770849,
        0.4515021537770849,
        -0.2508821401535351,
        -0.8,
        0.8,
        0.2405520043956793,
        -0.4352848566857799,
        0.4352848566857799,
        0.3092390325654194,
        0.8,
        -0.8,
        -0.2991914408663141,
        0.49840677436062386,
        -0.49840677436062386,
        0.25907999312252133,
        0.8,
        -0.8
    ],
    [
        0.27871782498789216,
        -0.5416082663307447,
        0.5416082663307447,
        -0.3085576134877173,
        -0.8,
        0.8,
        0.33176704021605,
        -0.5302807842929632,
        0.5302807842929632,
        0.22983312042180792,
        0.8,
        -0.8,
        -0.27630784665338837,
        0.5614603078675258,
        -0.5614603078675258,
        0.2850458993869142,
        0.8,
        -0.8
    ],
    [
        0.2879797392483304,
        -0.48929614220014606,
        0.48929614220014606,
        -0.34378612762254906,
        -0.8,
        0.8,
        0.23395693666790476,
        -0.5033334425615013,
        0.5033334425615013,
        0.316724856640312,
        0.8,
        -0.8,
        -0.3223931207365141,
        0.5419333754671385,
        -0.5419333754671385,
        0.1651060506051162,
        0.8,
        -0.8
    ],
    [
        0.33864303555366154,
        -0.5434710855657935,
        0.5434710855657935,
        -0.36011605574734845,
        -0.8,
        0.8,
        0.30989367640840615,
        -0.6277069207686433,
        0.6277069207686433,
        0.29817439397414625,
        0.8,
        -0.8,
        -0.3516566135966242,
        0.5754006766054387,
        -0.5754006766054387,
        0.23323557266144526,
        0.8,
        -0.8
    ],
    [
        0.3458084132023986,
        -0.6155642863905377,
        0.6155642863905377,
        -0.2786190457334749,
        -0.8,
        0.8,
        0.28247339754905704,
        -0.6306841674956993,
        0.6306841674956993,
        0.31721263170263037,
        0.8,
        -0.8,
        -0.3277185771911087,
        0.6046123011355913,
        -0.6046123011355913,
        0.33859771889326684,
        0.8,
        -0.8
    ],
    [
        0.2933176310275327,
        -0.6362139431214684,
        0.6362139431214684,
        -0.32675165654337734,
        -0.8,
        0.8,
        0.3213845679782872,
        -0.6257984244771052,
        0.6257984244771052,
        0.3355658582309081,
        0.8,
        -0.8,
        -0.293181505773439,
        0.6070900252577489,
        -0.6070900252577489,
        0.3916325910309378,
        0.8,
        -0.8
    ],
    [
        0.3411134651808527,
        -0.6232809060927277,
        0.6232809060927277,
        -0.34038549743141305,
        -0.8,
        0.8,
        0.3226531117375681,
        -0.675724087429618,
        0.675724087429618,
        0.28671602859989376,
        0.8,
        -0.8,
        -0.37327335028854586,
        0.6809203752545784,
        -0.6809203752545784,
        0.3259732622380579,
        0.8,
        -0.8
    ],
    [
        0.40531968446008443,
        -0.6909522453502207,
        0.6909522453502207,
        -0.3604880302651287,
        -0.8,
        0.8,
        0.33213779731391146,
        -0.6324224775705483,
        0.6324224775705483,
        0.36775339433876403,
        0.8,
        -0.8,
        -0.3913096949432252,
        0.6899506297214133,
        -0.6899506297214133,
        0.3488684567786136,
        0.8,
        -0.8
    ],
    [
        0.3713204974985094,
        -0.7013090138320838,
        0.7013090138320838,
        -0.2645208618959465,
        -0.8,
        0.8,
        0.32763283574304874,
        -0.6940209846296063,
        0.6940209846296063,
        0.3373568642113631,
        0.8,
        -0.8,
        -0.31860009693811775,
        0.6949341095208882,
        -0.6949341095208882,
        0.3505074622326759,
        0.8,
        -0.8
    ],
    [
        0.36022023521208174,
        -0.728584421367657,
        0.728584421367657,
        -0.3460158239869283,
        -0.8,
        0.8,
        0.3941102315770939,
        -0.7360698328586547,
        0.7360698328586547,
        0.3551708912338567,
        0.8,
        -0.8,
        -0.32566763329034754,
        0.7345579422951851,
        -0.7345579422951851,
        0.35697064039829535,
        0.8,
        -0.8
    ],
    [
        0.41737211385256845,
        -0.776612002647297,
        0.776612002647297,
        -0.32738533262461345,
        -0.8,
        0.8,
        0.3791549722648424,
        -0.7701172175602493,
        0.7701172175602493,
        0.36850941252916825,
        0.8,
        -0.8,
        -0.371395938340289,
        0.769752792486672,
        -0.769752792486672,
        0.3127473472838632,
        0.8,
        -0.8
    ],
    [
        0.41062065599904696,
        -0.8,
        0.8,
        -0.39257991004476217,
        -0.8,
        0.8,
        0.32521191981823994,
        -0.8,
        0.8,
        0.39896289047735045,
        0.8,
        -0.8,
        -0.28584027500572395,
        0.8,
        -0.8,
        0.29736578898995564,
        0.8,
        -0.8
    ],
    [
        0.35589191115229346,
        -0.8,
        0.8,
        -0.3064987531246155,
        -0.7940280491586813,
        0.7940280491586813,
        0.34140747287261597,
        -0.8,
        0.8,
        0.3336228988498655,
        0.7937878678517627,
        -0.7937878678517627,
        -0.34402891246640294,
        0.8,
        -0.8,
        0.347532514486692,
        0.7930940020018317,
        -0.7930940020018317
    ],
    [
        0.3980013998219361,
        -0.8,
        0.8,
        -0.34322151306884446,
        -0.765435850035644,
        0.765435850035644,
        0.3249603625825784,
        -0.8,
        0.8,
        0.3467704242750654,
        0.7602610524982826,
        -0.7602610524982826,
        -0.3708666445587663,
        0.8,
        -0.8,
        0.44855704015742115,
        0.7581140204224927,
        -0.7581140204224927
    ],
    [
        0.33423827599327377,
        -0.8,
        0.8,
        -0.4015815512918459,
        -0.733291129937991,
        0.733291129937991,
        0.34151743316991134,
        -0.8,
        0.8,
        0.3622923985869249,
        0.7340990845034501,
        -0.7340990845034501,
        -0.3276341206741818,
        0.8,
        -0.8,
        0.406723811835468,
        0.7426193700599504,
        -0.7426193700599504
    ],
    [
        0.406731648864066,
        -0.8,
        0.8,
        -0.37967130571325813,
        -0.6963935503929269,
        0.6963935503929269,
        0.3120903629877241,
        -0.8,
        0.8,
        0.2873107830335813,
        0.6934011955570084,
        -0.6934011955570084,
        -0.3917494244736173,
        0.8,
        -0.8,
        0.34275161570140716,
        0.719034263760002,
        -0.719034263760002
    ],
    [
        0.39398666364549106,
        -0.8,
        0.8,
        -0.36005981098975537,
        -0.6514450840898441,
        0.6514450840898441,
        0.3551455427835173,
        -0.8,
        0.8,
        0.3728983177635457,
        0.6572169003115632,
        -0.6572169003115632,
        -0.30113415059786425,
        0.8,
        -0.8,
        0.3108739872731504,
        0.6688118025526241,
        -0.6688118025526241
    ],
    [
        0.4066096092343121,
        -0.8,
        0.8,
        -0.33266502020193367,
        -0.6391814039447925,
        0.6391814039447925,
        0.26674447618575425,
        -0.8,
        0.8,
        0.3493494682998361,
        0.6544641264627221,
        -0.6544641264627221,
        -0.3835066529319392,
        0.8,
        -0.8,
        0.300405017341381,
        0.6545003136676089,
        -0.6545003136676089
    ],
    [
        0.263975001495544,
        -0.8,
        0.8,
        -0.35197106164184355,
        -0.5671812710920484,
        0.5671812710920484,
        0.32535904659355586,
        -0.8,
        0.8,
        0.23492547520657311,
        0.6470989446584053,
        -0.6470989446584053,
        -0.2849054722639371,
        0.8,
        -0.8,
        0.3502999712168271,
        0.5412611303372451,
        -0.5412611303372451
    ],
    [
        0.3089882564369088,
        -0.8,
        0.8,
        -0.3594198953017827,
        -0.6036303154101207,
        0.6036303154101207,
        0.3469509023633824,
        -0.8,
        0.8,
        0.35419969079920655,
        0.5678845322713995,
        -0.5678845322713995,
        -0.28133859612510265,
        0.8,
        -0.8,
        0.3108828422446461,
        0.5793765042824203,
        -0.5793765042824203
    ],
    [
        0.278090114252263,
        -0.8,
        0.8,
        -0.3554221153959616,
        -0.5607245890074679,
        0.5607245890074679,
        0.26510987993593643,
        -0.8,
        0.8,
        0.31715551575185646,
        0.5717944727268043,
        -0.5717944727268043,
        -0.3350823751355454,
        0.8,
        -0.8,
        0.2723635401281622,
        0.4671661151737635,
        -0.4671661151737635
    ],
    [
        0.266759262486106,
        -0.8,
        0.8,
        -0.31960838166961875,
        -0.49236889798566474,
        0.49236889798566474,
        0.29901135138360024,
        -0.8,
        0.8,
        0.23712182536257925,
        0.5341240198707702,
        -0.5341240198707702,
        -0.30962224241028347,
        0.8,
        -0.8,
        0.3148381555089232,
        0.5332198121575153,
        -0.5332198121575153
    ],
    [
        0.2574083477435295,
        -0.8,
        0.8,
        -0.2448820031674747,
        -0.4722221739606153,
        0.4722221739606153,
        0.23077464815034282,
        -0.8,
        0.8,
        0.2881567625144924,
        0.44299351298722955,
        -0.44299351298722955,
        -0.23626947384400973,
        0.8,
        -0.8,
        0.2678244091955256,
        0.46905997670173966,
        -0.46905997670173966
    ],
    [
        0.30159414615419217,
        -0.8,
        0.8,
        -0.24933590165617775,
        -0.5848470712609817,
        0.5848470712609817,
        0.304234131736051,
        -0.8,
        0.8,
        0.2931741916892645,
        0.421542138068872,
        -0.421542138068872,
        -0.23912241844104962,
        0.8,
        -0.8,
        0.22373856343627124,
        0.40933191672840014,
        -0.40933191672840014
    ],
    [
        0.25253183509583743,
        -0.8,
        0.8,
        -0.23302290599229086,
        -0.3383050417961714,
        0.3383050417961714,
        0.24305500840801372,
        -0.8,
        0.8,
        0.25722512143526377,
        0.3865525965917349,
        -0.3865525965917349,
        -0.19039536868306128,
        0.8,
        -0.8,
        0.26048089883171166,
        0.45394572952547346,
        -0.45394572952547346
    ],
    [
        0.2037899401686495,
        -0.8,
        0.8,
        -0.2788527244485197,
        -0.5181114520981769,
        0.5181114520981769,
        0.2118271379092802,
        -0.8,
        0.8,
        0.21765577715113846,
        0.44242201198509584,
        -0.44242201198509584,
        -0.24842081439008606,
        0.8,
        -0.8,
        0.2607584327240052,
        0.4025538920407734,
        -0.4025538920407734
    ],
    [
        0.24009607033824962,
        -0.8,
        0.8,
        -0.1745065153035119,
        -0.48982929546705084,
        0.48982929546705084,
        0.21275396428684223,
        -0.8,
        0.8,
        0.2497289461827073,
        0.4496816795924939,
        -0.4496816795924939,
        -0.17799237271109405,
        0.8,
        -0.8,
        0.2323315166279466,
        0.30197505639541594,
        -0.30197505639541594
    ],
    [
        0.1770541878716441,
        -0.8,
        0.8,
        -0.22807629346470537,
        -0.3853355243889805,
        0.3853355243889805,
        0.16688392837135715,
        -0.8,
        0.8,
        0.19585682424638112,
        0.4263847314088003,
        -0.4263847314088003,
        -0.17363230801168172,
        0.8,
        -0.8,
        0.1568151217202477,
        0.41043338927374834,
        -0.41043338927374834
    ],
    [
        0.19214466269107353,
        -0.8,
        0.8,
        -0.1626183931338016,
        -0.4979257018700361,
        0.4979257018700361,
        0.1691869540018244,
        -0.8,
        0.8,
        0.1843774313787986,
        0.30456783692517825,
        -0.30456783692517825,
        -0.14462198293431608,
        0.8,
        -0.8,
        0.15622802862839252,
        0.302336398711713,
        -0.302336398711713
    ],
    [
        0.13774931170506344,
        -0.8,
        0.8,
        -0.1301350901268307,
        -0.3205129671980672,
        0.3205129671980672,
        0.12843613833693537,
        -0.8,
        0.8,
        0.1724518306850944,
        0.3510115458847726,
        -0.3510115458847726,
        -0.138852544629932,
        0.8,
        -0.8,
        0.157333780406523,
        0.3080504763946853,
        -0.3080504763946853
    ],
    [
        0.12651025182221232,
        -0.8,
        0.8,
        -0.1464264258326081,
        -0.24153234281379743,
        0.24153234281379743,
        0.12360834765823288,
        -0.8,
        0.8,
        0.1458885404338094,
        0.23069920231711305,
        -0.23069920231711305,
        -0.1281305039789267,
        0.8,
        -0.8,
        0.09873711944159302,
        0.3305239979997647,
        -0.3305239979997647
    ],
    [
        0.09333010053471255,
        -0.8,
        0.8,
        -0.1100441628343237,
        -0.22137371818221008,
        0.22137371818221008,
        0.1067935536031561,
        -0.8,
        0.8,
        0.11206282041467655,
        0.37537939781776514,
        -0.37537939781776514,
        -0.09045529989472266,
        0.8,
        -0.8,
        0.10801823699457626,
        0.3903569591530089,
        -0.3903569591530089
    ],
    [
        0.07295986413821068,
        -0.8,
        0.8,
        -0.06338621353914813,
        -0.4272392711905529,
        0.4272392711905529,
        0.0628039894479476,
        -0.8,
        0.8,
        0.08416339759820388,
        0.32777352942477067,
        -0.32777352942477067,
        -0.07518279417990323,
        0.8,
        -0.8,
        0.0701243857673531,
        0.3261574289191748,
        -0.3261574289191748
    ],
    [
        0.04964094062573717,
        -0.8,
        0.8,
        -0.059527277632883346,
        -0.39108774725991813,
        0.39108774725991813,
        0.042797174759947716,
        -0.8,
        0.8,
        0.05898553685493954,
        0.3364567103706857,
        -0.3364567103706857,
        -0.04175009383036923,
        0.8,
        -0.8,
        0.062370971807990706,
        0.3470042638690541,
        -0.3470042638690541
    ],
    [
        0.023987535156067826,
        -0.8,
        0.8,
        -0.028128519788793122,
        -0.19222594425337947,
        0.19222594425337947,
        0.021768031358675367,
        -0.8,
        0.8,
        0.033780525449120496,
        0.3800732760312511,
        -0.3800732760312511,
        -0.020735781045792483,
        0.8,
        -0.8,
        0.035252048572034116,
        0.40254777299779193,
        -0.40254777299779193
    ],
    [
        -0.0029262351463163615,
        -0.8,
        0.8,
        -0.0042837215259948404,
        -0.39851167578999835,
        0.39851167578999835,
        -0.002804803569423109,
        -0.8,
        0.8,
        0.004416481860176649,
        0.2598131653450413,
        -0.2598131653450413,
        0.0034319524571858914,
        0.8,
        -0.8,
        0.0039758968903090925,
        0.16996732969817174,
        -0.16996732969817174
    ]
]