0.014942898661400078
0.021805417220998064
0.009311625120399913
0.010485644215841299
0.01036371056064446
0.005270614240616088
0.009598329723698295
0.02698832322619978
0.05861237391560412
0.08831864966764047
0.11332954254128758
0.13277559468180397
0.14781526892392566
0.16268990928182686
0.17139665429774004
0.17085697178948644
0.15957201687211137
0.1347211152032945
0.11331058499922639
0.09516438247203204
0.07910577570200523
0.07207285127385654
0.0679474421555644
0.06642193714461705
0.06279202642934663
0.05710251577063302
0.049860082480768064
0.04415628052838389
0.04119476632992568
0.03960861499316079
0.03825342554939102
0.03811675686269084
0.03903355088655141
0.040589916800505756
0.0435073275955717
0.04666475887658171
0.04964434608872888
0.053769803841236974
0.05883601800435747
0.06280759079437513
0.06619005775645467
0.07027207432439697
0.07446685926332174
0.07858479651547044
0.08323590298851641
0.08750001531409957
0.090815437611138
0.09388418013128551
0.09608224737690395
0.09694722876706008
0.09731098629893693
0.0976953227007951
0.09820184531140393
0.09913122297642721
0.10076999691729105
0.10308145230218846
0.10592826816367865
0.10903498926959418
0.1108676139637107
0.11124452610408353
0.11108215143169933
0.10983250495388108
0.10838049699946065
0.10662843051880218
0.10373268673533118
0.09874823064557332
0.09417455623157116
0.09032701497511236
0.08675004610659838
0.08505063943375726
0.08431545564917055
0.08343079497284753
0.08168639419059696
0.07949770526731972
0.07780551053465562
0.07677571462088739
0.07577720942589536
0.07522837800110008
0.07510372972755665
0.07494541310170934
0.07476131983924243
0.07524083798948551
0.0764170637567663
0.0775253364176402
0.07853790807165725
0.0801714885550173
0.0819877869313868
0.08366951466523162
0.08557503591015482
0.08760069269365042
0.08936874757449172
0.09106246172701679
0.09264839060746839
0.09382979346216005
0.09461526532940474
0.09565874185736623
0.09616143402756724
0.09691061701914312
0.09765168652079598
0.09842378714839774
0.09956007707777412
0.10072526326514772
0.10080219381268787
0.10076611219424367
0.10078435391289209
0.1003607110311265
0.09859975006478126
0.09611479116740171
0.09369248363424856
0.0916380161962573
0.09131096873658485
0.09285726843793782
0.0928381744592663
0.09289792164038992
0.09308845050253199
0.09240108976334077
0.09209825766906761
0.09143103791997986
0.09165313681208606
0.09215640841665443
0.09318301895004454
0.09396315042980277
0.09422619880466683
0.09414118560394208
0.09420257920295544
0.09410106932929682
0.09394545956422942
0.09385458004273757
0.09336264535952468
0.09274345284172289
0.09237865743013342
0.09193676593780445
0.09125689538393696
0.09102233666552494
0.09136841882635548
0.09174184823604292
0.09217586799581963
0.09270566829137722
0.09277175078815786
0.0925303040676661
0.09238293772178319
0.0919788203239449
0.09151107047733444
0.09144403912958503
0.09166049053789058
0.09202954579205813
0.09259134949922988
0.0932407052872037
0.09378938080476627
0.09419892413627227
0.09438814884576294
0.09412448917231106
0.09345925896921614
0.09313217749227094
0.09298810260369199
0.09285617410569312
0.09238218696715764
0.09174912993858492
0.09090315323926039
0.09071708886853071
0.09097854609930577
0.09108193384568045
0.09179787926279355
0.09194544774714987
0.09164779368464637
0.09102362615293076
0.09081484970349295
0.09119671310470479
0.09130434185904548
0.09146473100950282
0.09188093515197238
0.09222235339401896
0.09196158696308977
0.09167256304350463
0.09164371048048393
0.0914412904700299
0.09069230753666843
0.08977537523091426
0.08921412560516741
0.08864728217793535
0.08813209639618165
0.08828542569961813
0.08888546073670492
0.0895779607532348
0.09067149153538764
0.0918948186629009
0.09277656196551058
0.09339600130759465
0.09370478549925974
0.09348580593978037
0.09304519848403706
0.09267611671109414
0.09232233203034922
0.09205866248815167
0.09162476059841967
0.09080529536728398
0.08995720518783454
0.08943978441857582
0.08948527397926641
0.08992377951931532
0.09066504202020044
0.09097619333565257
0.0912452865070321
0.09145051948594021
0.0911309619505664
0.09096817261278609
0.09122900699308847
0.090682384916449
0.09110872359557819
0.09224186576867323
0.0928056094019942
0.09268043609343662
0.09155398494000158
0.09109285864885396
0.090812028720603
0.09071574181534883
0.09090936790373665
0.09111598705147424
0.09119414027424527
0.09120322034818923
0.0913079619801653
0.09132479050340087
0.09156212297035793
0.09194646188690277
0.0921309954327463
0.0921900556748712
0.09234706377523393
0.09235786694174072
0.09204797775983448
0.09167125712528149
0.09134123683336944
0.09107203925838028
0.09108405652756943
0.09126368004685513
0.0914475437966729
0.09186020715242264
0.09234297140117406
0.09252025395020382
0.09242347245781603
0.092165988171493
0.09176598834438211
0.09128718370284201
0.0908188431327628
0.09041243500664782
0.090202033826981
0.09041116312241679
0.09106504181624249
0.09115507230479598
0.0912532191033902
0.09137822410177884
0.09162319429406379
0.09197030410428345
0.09236513570869409
0.09226577370015757
0.09186516792833084
0.09170058719010575
0.09141024998611187
0.0913654510131878
0.09167583047218641
0.09215277516605877
0.09234201145022819
0.09196317798344981
0.09195669950112102
0.09180808805668149
0.09148380180843173
0.09118486063171677
0.09144947128588152
0.09166320957186067
0.09166122045720221
0.09188128557376643
0.09252374135009316
0.09316852028097501
0.09361934520800841
0.09413511701651621
0.09451636525977321
0.0942399780021094
0.09366910311996533
0.09319606113160962
0.09255010527850836
0.0919498506741783
0.09158163515788895
0.09127311464462869
0.09117796496919925
0.09151125419354378
0.09194257649817832
0.09219748529649795
0.09234196467068014
0.09219578369768654
0.09197158364557974
0.09217747259969525
0.09266437512125474
0.09305155316914279
0.09313086948628232
0.09300410302844664
0.09254567422908988
0.0926430078183818
0.0928072786924781
0.09275592833682529
0.09307469182755558
0.09338777090536807
0.09348889100573154
0.0940426134779763
0.09370537921629926
0.09264838248008159
0.09194565235422392
0.09185902067206878
0.09264447100032067
0.09282429182935305
0.09307773371711478
0.09327404911273163
0.09325244411065262
0.09316935378549214
0.09309607850942729
0.09318194708263476
0.09303996832962207
0.09282434099069965
0.09244118769787175
0.09208884057828211
0.0918628505948619
0.09167463593921663
0.09142227915245776
0.09133838294961746
0.09151378919644418
0.09182646109845863
0.09215342123291678
0.09242677776295807
0.09252328331149087
0.09251067019205061
0.09246399731847263
0.09217010263740678
0.09172239506350789
0.0914594135703399
0.09140658437035584
0.09149876245511099
0.09171908031062864
0.09205689738225059
0.09247203249664877
0.0928922829666787
0.09318123024274413
0.0931684094390714
0.09277857783546165
0.09286952335173317
0.09275442188195537
0.09245434074167319
0.09212342085810434
0.09175907646818142
0.09098822441277511
0.09119906261761075
0.0913917927267924
0.0913024582694888
0.09173163088890328
0.09149629156357615
0.09156905714313665
0.09152882084653355
0.09139605229045648
0.09137803450813087
0.09127998472004083
0.09135843003880731
0.09150549482717096
0.09156045969756718
0.09150596270307618
0.09160190466527378
0.09175794495600972
0.09180666817425666
0.09182077108221123
0.0919858867570274
0.09203382032471724
0.09199252941267028
0.09205679536167344
0.09226429820428242
0.09241941086137481
0.09236877067336544
0.09210804082747874
0.09168894184999679
0.09128272711062038
0.09095901360447828
0.09065299777863625
0.09036071866398573
0.09019567587671724
0.09020568139432841
0.09033144955097726
0.0906412083452696
0.09122673742425434
0.09184181462125511
0.09224478082909482
0.09244880786531375
0.09244756283999507
0.09239323490266058
0.0924469944136779
0.09213399275946832
0.09174689376843252
0.09162257421398386
0.09154722683203717
0.09139004767089334
0.09129614944492641
0.09126154059517905
0.09121506553589229
0.09124570842978906
0.09128889864646914
0.09153338942570034
0.09171660249603464
0.09176763485988072
0.09158180642366529
0.0914316861413652
0.09134768232116035
0.09133513499301504
0.09153531130176004
0.0916296789263766
0.0918541732315876
0.09223102080525475
0.09254526494094169
0.09263091917970626
0.09271485677251991
0.0927546954510914
0.09264215735206961
0.09247858351849533
0.09234410634540459
0.09209931318719944
0.09183839850060216
0.09168262753224964
0.09153598100620218
0.09146549096210929
0.09160264663316978
0.0918979180099179
0.09228639733558958
0.09272435785919025
0.0931312250890831
0.09339171450573293
0.09338110097418707
0.09304576510691517
0.09241261472449656
0.09163153715141611
0.09090689846985986
0.09038994627443814
0.09029437322093004
0.09014900669059993
0.09045558235259592
0.09093255679710173
0.09123959500118847
0.09134646655737358
0.09218077184948742
0.09235161179678036
0.09220288590437364
0.09257659895366686
0.09270747191300363
0.09305230387505503
0.09306115407725482
0.0927861367126331
0.09251711617855309
0.09230320372025394
0.09205323724575146
0.09200910965146863
0.09228260679978732
0.09268668090903943
0.09269318185789473
0.09243485224583135
0.09225774719387027
0.09210348004369814
0.09159142151587749
0.09082816045518041
0.09034163691584207
0.0898849919780428
0.08941707209802033
0.08947438412737765
0.0900122874435487
0.09065362397351459
0.09157856052803623
0.09264354950819174
0.09346891533448612
0.09405076621930732
0.014942898661400078
0.021805417220998064
0.009311625120399913
0.010485644215841299
0.01036371056064446
0.005270614240616088
0.009598329723698295
0.02698832322619978
0.05861237391560412
0.08831864966764047
0.11332954254128758
0.13277559468180397
0.14781526892392566
0.16268990928182686
0.17139665429774004
0.17085697178948644
0.15957201687211137
0.1347211152032945
0.11331058499922639
0.09516438247203204
0.07910577570200523
0.07207285127385654
0.0679474421555644
0.06642193714461705
0.06279202642934663
0.05710251577063302
0.049860082480768064
0.04415628052838389
0.04119476632992568
0.03960861499316079
0.03825342554939102
0.03811675686269084
0.03903355088655141
0.040589916800505756
0.0435073275955717
0.04666475887658171
0.04964434608872888
0.053769803841236974
0.05883601800435747
0.06280759079437513
0.06619005775645467
0.07027207432439697
0.07446685926332174
0.07858479651547044
0.08323590298851641
0.08750001531409957
0.090815437611138
0.09388418013128551
0.09608224737690395
0.09694722876706008
0.09731098629893693
0.0976953227007951
0.09820184531140393
0.09913122297642721
0.10076999691729105
0.10308145230218846
0.10592826816367865
0.10903498926959418
0.1108676139637107
0.11124452610408353
0.11108215143169933
0.10983250495388108
0.10838049699946065
0.10662843051880218
0.10373268673533118
0.09874823064557332
0.09417455623157116
0.09032701497511236
0.08675004610659838
0.08505063943375726
0.08431545564917055
0.08343079497284753
0.08168639419059696
0.07949770526731972
0.07780551053465562
0.07677571462088739
0.07577720942589536
0.07522837800110008
0.07510372972755665
0.07494541310170934
0.07476131983924243
0.07524083798948551
0.0764170637567663
0.0775253364176402
0.07853790807165725
0.0801714885550173
0.0819877869313868
0.08366951466523162
0.08557503591015482
0.08760069269365042
0.08936874757449172
0.09106246172701679
0.09264839060746839
0.09382979346216005
0.09461526532940474
0.09565874185736623
0.09616143402756724
0.09691061701914312
0.09765168652079598
0.09842378714839774
0.09956007707777412
0.10072526326514772
0.10080219381268787
0.10076611219424367
0.10078435391289209
0.1003607110311265
0.09859975006478126
0.09611479116740171
0.09369248363424856
0.0916380161962573
0.09131096873658485
0.09285726843793782
0.0928381744592663
0.09289792164038992
0.09308845050253199
0.09240108976334077
0.09209825766906761
0.09143103791997986
0.09165313681208606
0.09215640841665443
0.09318301895004454
0.09396315042980277
0.09422619880466683
0.09414118560394208
0.09420257920295544
0.09410106932929682
0.09394545956422942
0.09385458004273757
0.09336264535952468
0.09274345284172289
0.09237865743013342
0.09193676593780445
0.09125689538393696
0.09102233666552494
0.09136841882635548
0.09174184823604292
0.09217586799581963
0.09270566829137722
0.09277175078815786
0.0925303040676661
0.09238293772178319
0.0919788203239449
0.09151107047733444
0.09144403912958503
0.09166049053789058
0.09202954579205813
0.09259134949922988
0.0932407052872037
0.09378938080476627
0.09419892413627227
0.09438814884576294
0.09412448917231106
0.09345925896921614
0.09313217749227094
0.09298810260369199
0.09285617410569312
0.09238218696715764
0.09174912993858492
0.09090315323926039
0.09071708886853071
0.09097854609930577
0.09108193384568045
0.09179787926279355
0.09194544774714987
0.09164779368464637
0.09102362615293076
0.09081484970349295
0.09119671310470479
0.09130434185904548
0.09146473100950282
0.09188093515197238
0.09222235339401896
0.09196158696308977
0.09167256304350463
0.09164371048048393
0.0914412904700299
0.09069230753666843
0.08977537523091426
0.08921412560516741
0.08864728217793535
0.08813209639618165
0.08828542569961813
0.08888546073670492
0.0895779607532348
0.09067149153538764
0.0918948186629009
0.09277656196551058
0.09339600130759465
0.09370478549925974
0.09348580593978037
0.09304519848403706
0.09267611671109414
0.09232233203034922
0.09205866248815167
0.09162476059841967
0.09080529536728398
0.08995720518783454
0.08943978441857582
0.08948527397926641
0.08992377951931532
0.09066504202020044
0.09097619333565257
0.0912452865070321
0.09145051948594021
0.0911309619505664
0.09096817261278609
0.09122900699308847
0.090682384916449
0.09110872359557819
0.09224186576867323
0.0928056094019942
0.09268043609343662
0.09155398494000158
0.09109285864885396
0.090812028720603
0.09071574181534883
0.09090936790373665
0.09111598705147424
0.09119414027424527
0.09120322034818923
0.0913079619801653
0.09132479050340087
0.09156212297035793
0.09194646188690277
0.0921309954327463
0.0921900556748712
0.09234706377523393
0.09235786694174072
0.09204797775983448
0.09167125712528149
0.09134123683336944
0.09107203925838028
0.09108405652756943
0.09126368004685513
0.0914475437966729
0.09186020715242264
0.09234297140117406
0.09252025395020382
0.09242347245781603
0.092165988171493
0.09176598834438211
0.09128718370284201
0.0908188431327628
0.09041243500664782
0.090202033826981
0.09041116312241679
0.09106504181624249
0.09115507230479598
0.0912532191033902
0.09137822410177884
0.09162319429406379
0.09197030410428345
0.09236513570869409
0.09226577370015757
0.09186516792833084
0.09170058719010575
0.09141024998611187
0.0913654510131878
0.09167583047218641
0.09215277516605877
0.09234201145022819
0.09196317798344981
0.09195669950112102
0.09180808805668149
0.09148380180843173
0.09118486063171677
0.09144947128588152
0.09166320957186067
0.09166122045720221
0.09188128557376643
0.09252374135009316
0.09316852028097501
0.09361934520800841
0.09413511701651621
0.09451636525977321
0.0942399780021094
0.09366910311996533
0.09319606113160962
0.09255010527850836
0.0919498506741783
0.09158163515788895
0.09127311464462869
0.09117796496919925
0.09151125419354378
0.09194257649817832
0.09219748529649795
0.09234196467068014
0.09219578369768654
0.09197158364557974
0.09217747259969525
0.09266437512125474
0.09305155316914279
0.09313086948628232
0.09300410302844664
0.09254567422908988
0.0926430078183818
0.0928072786924781
0.09275592833682529
0.09307469182755558
0.09338777090536807
0.09348889100573154
0.0940426134779763
0.09370537921629926
0.09264838248008159
0.09194565235422392
0.09185902067206878
0.09264447100032067
0.09282429182935305
0.09307773371711478
0.09327404911273163
0.09325244411065262
0.09316935378549214
0.09309607850942729
0.09318194708263476
0.09303996832962207
0.09282434099069965
0.09244118769787175
0.09208884057828211
0.0918628505948619
0.09167463593921663
0.09142227915245776
0.09133838294961746
0.09151378919644418
0.09182646109845863
0.09215342123291678
0.09242677776295807
0.09252328331149087
0.09251067019205061
0.09246399731847263
0.09217010263740678
0.09172239506350789
0.0914594135703399
0.09140658437035584
0.09149876245511099
0.09171908031062864
0.09205689738225059
0.09247203249664877
0.0928922829666787
0.09318123024274413
0.0931684094390714
0.09277857783546165
0.09286952335173317
0.09275442188195537
0.09245434074167319
0.09212342085810434
0.09175907646818142
0.09098822441277511
0.09119906261761075
0.0913917927267924
0.0913024582694888
0.09173163088890328
0.09149629156357615
0.09156905714313665
0.09152882084653355
0.09139605229045648
0.09137803450813087
0.09127998472004083
0.09135843003880731
0.09150549482717096
0.09156045969756718
0.09150596270307618
0.09160190466527378
0.09175794495600972
0.09180666817425666
0.09182077108221123
0.0919858867570274
0.09203382032471724
0.09199252941267028
0.09205679536167344
0.09226429820428242
0.09241941086137481
0.09236877067336544
0.09210804082747874
0.09168894184999679
0.09128272711062038
0.09095901360447828
0.09065299777863625
0.09036071866398573
0.09019567587671724
0.09020568139432841
0.09033144955097726
0.0906412083452696
0.09122673742425434
0.09184181462125511
0.09224478082909482
0.09244880786531375
0.09244756283999507
0.09239323490266058
0.0924469944136779
0.09213399275946832
0.09174689376843252
0.09162257421398386
0.09154722683203717
0.09139004767089334
0.09129614944492641
0.09126154059517905
0.09121506553589229
0.09124570842978906
0.09128889864646914
0.09153338942570034
0.09171660249603464
0.09176763485988072
0.09158180642366529
0.0914316861413652
0.09134768232116035
0.09133513499301504
0.09153531130176004
0.0916296789263766
0.0918541732315876
0.09223102080525475
0.09254526494094169
0.09263091917970626
0.09271485677251991
0.0927546954510914
0.09264215735206961
0.09247858351849533
0.09234410634540459
0.09209931318719944
0.09183839850060216
0.09168262753224964
0.09153598100620218
0.09146549096210929
0.09160264663316978
0.0918979180099179
0.09228639733558958
0.09272435785919025
0.0931312250890831
0.09339171450573293
0.09338110097418707
0.09304576510691517
0.09241261472449656
0.09163153715141611
0.09090689846985986
0.09038994627443814
0.09029437322093004
0.09014900669059993
0.09045558235259592
0.09093255679710173
0.09123959500118847
0.09134646655737358
0.09218077184948742
0.09235161179678036
0.09220288590437364
0.09257659895366686
0.09270747191300363
0.09305230387505503
0.09306115407725482
0.0927861367126331
0.09251711617855309
0.09230320372025394
0.09205323724575146
0.09200910965146863
0.09228260679978732
0.09268668090903943
0.09269318185789473
0.09243485224583135
0.09225774719387027
0.09210348004369814
0.09159142151587749
0.09082816045518041
0.09034163691584207
0.0898849919780428
0.08941707209802033
0.08947438412737765
0.0900122874435487
0.09065362397351459
0.09157856052803623
0.09264354950819174
0.09346891533448612
0.09405076621930732
